{
 "cells": [
  {
   "cell_type": "code",
   "execution_count": 4,
   "id": "9a30e730",
   "metadata": {},
   "outputs": [
    {
     "name": "stdout",
     "output_type": "stream",
     "text": [
      "Step 1: Centering the Data\n",
      "Mean of each feature:\n",
      "[4.33333333 3.66666667 6.33333333 4.83333333 4.5        3.5       ]\n",
      "\n",
      "Centered Data:\n",
      "[[ 1.66666667 -0.66666667  0.66666667 -0.83333333  1.5        -2.5       ]\n",
      " [ 4.66666667 -1.66666667 -0.33333333  2.16666667 -0.5        -1.5       ]\n",
      " [-1.33333333  3.33333333  0.66666667 -2.83333333  0.5        -0.5       ]\n",
      " [-0.33333333 -2.66666667  0.66666667  0.16666667 -3.5         0.5       ]\n",
      " [-0.33333333 -3.66666667  2.66666667  0.16666667  3.5         1.5       ]\n",
      " [-4.33333333  5.33333333 -4.33333333  1.16666667 -1.5         2.5       ]]\n",
      "\n",
      "Step 2: Calculating Covariance Matrix\n",
      "Covariance Matrix:\n",
      "[[ 9.06666667 -6.86666667  3.26666667  1.46666667  1.2        -4.4       ]\n",
      " [-6.86666667 12.66666667 -6.46666667 -1.46666667 -2.          1.8       ]\n",
      " [ 3.26666667 -6.46666667  5.46666667 -1.53333333  3.         -1.6       ]\n",
      " [ 1.46666667 -1.46666667 -1.53333333  2.96666667 -1.1         0.7       ]\n",
      " [ 1.2        -2.          3.         -1.1         5.9        -0.7       ]\n",
      " [-4.4         1.8        -1.6         0.7        -0.7         3.5       ]]\n",
      "\n",
      "Step 3: Calculating Eigenvalues and Eigenvectors\n",
      "Eigenvalues:\n",
      "[ 2.29458299e+01  7.46137257e+00  5.67961734e+00  3.16561637e+00\n",
      " -1.50713403e-16  3.14230495e-01]\n",
      "Eigenvectors:\n",
      "[[ 0.52607412 -0.42731002  0.45963483 -0.16134765 -0.27473319 -0.47736423]\n",
      " [-0.687247    0.03582915  0.55682993 -0.06403895  0.25923542 -0.38084678]\n",
      " [ 0.40284746  0.41187942 -0.0651083   0.35153497  0.58609748 -0.44355731]\n",
      " [ 0.0396539  -0.43387039 -0.2667699  -0.59526691  0.61991079  0.01964152]\n",
      " [ 0.19510227  0.66423092  0.2467407  -0.66113467 -0.08030663  0.12768399]\n",
      " [-0.22139145  0.1305049  -0.58514102 -0.23419515 -0.35081315 -0.64315399]]\n",
      "\n",
      "Step 4: Sorting Eigenvalues and Eigenvectors\n",
      "Sorted Eigenvalues:\n",
      "[ 2.29458299e+01  7.46137257e+00  5.67961734e+00  3.16561637e+00\n",
      "  3.14230495e-01 -1.50713403e-16]\n",
      "Sorted Eigenvectors:\n",
      "[[ 0.52607412 -0.42731002  0.45963483 -0.16134765 -0.47736423 -0.27473319]\n",
      " [-0.687247    0.03582915  0.55682993 -0.06403895 -0.38084678  0.25923542]\n",
      " [ 0.40284746  0.41187942 -0.0651083   0.35153497 -0.44355731  0.58609748]\n",
      " [ 0.0396539  -0.43387039 -0.2667699  -0.59526691  0.01964152  0.61991079]\n",
      " [ 0.19510227  0.66423092  0.2467407  -0.66113467  0.12768399 -0.08030663]\n",
      " [-0.22139145  0.1305049  -0.58514102 -0.23419515 -0.64315399 -0.35081315]]\n",
      "\n",
      "Step 5: Selecting Top 6 Eigenvectors\n",
      "Top 6 Eigenvectors:\n",
      "[[ 0.52607412 -0.42731002  0.45963483 -0.16134765 -0.47736423 -0.27473319]\n",
      " [-0.687247    0.03582915  0.55682993 -0.06403895 -0.38084678  0.25923542]\n",
      " [ 0.40284746  0.41187942 -0.0651083   0.35153497 -0.44355731  0.58609748]\n",
      " [ 0.0396539  -0.43387039 -0.2667699  -0.59526691  0.01964152  0.61991079]\n",
      " [ 0.19510227  0.66423092  0.2467407  -0.66113467  0.12768399 -0.08030663]\n",
      " [-0.22139145  0.1305049  -0.58514102 -0.23419515 -0.64315399 -0.35081315]]\n",
      "\n",
      "Step 6: Transforming the Data\n",
      "Transformed Data:\n",
      "[[ 2.41660696e+00  5.70159604e-01  2.40670441e+00  9.79781520e-02\n",
      "   9.45628948e-01  2.88657986e-15]\n",
      " [ 3.78659457e+00 -3.65904713e+00  1.41495514e+00 -1.37128734e+00\n",
      "  -5.01657029e-01 -2.10942375e-15]\n",
      " [-2.62779637e+00  2.45992591e+00  2.37163670e+00  1.70914350e+00\n",
      "  -5.98940507e-01 -7.49400542e-16]\n",
      " [ 1.13892092e+00 -2.01038895e+00 -2.88212158e+00  2.55657235e+00\n",
      "   1.13810596e-01  1.91513472e-15]\n",
      " [ 3.77618726e+00  3.55766211e+00 -2.42712420e+00 -1.53845663e+00\n",
      "  -1.41823319e-01 -4.44089210e-16]\n",
      " [-8.49051335e+00 -9.18311541e-01 -8.84050466e-01 -1.45395003e+00\n",
      "   1.82981311e-01  4.44089210e-16]]\n"
     ]
    }
   ],
   "source": [
    "import numpy as np\n",
    "\n",
    "def pca_step_by_step(X, k):\n",
    "    # Step 1: Center the data\n",
    "    print(\"Step 1: Centering the Data\")\n",
    "    X_mean = np.mean(X, axis=0)\n",
    "    print(\"Mean of each feature:\")\n",
    "    print(X_mean)\n",
    "    X_centered = X - X_mean\n",
    "    print(\"\\nCentered Data:\")\n",
    "    print(X_centered)\n",
    "\n",
    "    # Step 2: Calculate covariance matrix\n",
    "    print(\"\\nStep 2: Calculating Covariance Matrix\")\n",
    "    cov_matrix = np.cov(X_centered.T)\n",
    "    print(\"Covariance Matrix:\")\n",
    "    print(cov_matrix)\n",
    "\n",
    "    # Step 3: Calculate eigenvalues and eigenvectors\n",
    "    print(\"\\nStep 3: Calculating Eigenvalues and Eigenvectors\")\n",
    "    eigenvalues, eigenvectors = np.linalg.eig(cov_matrix)\n",
    "    print(\"Eigenvalues:\")\n",
    "    print(eigenvalues)\n",
    "    print(\"Eigenvectors:\")\n",
    "    print(eigenvectors)\n",
    "\n",
    "    # Step 4: Sort eigenvalues and eigenvectors\n",
    "    print(\"\\nStep 4: Sorting Eigenvalues and Eigenvectors\")\n",
    "    sorted_indices = np.argsort(eigenvalues)[::-1]\n",
    "    sorted_eigenvalues = eigenvalues[sorted_indices]\n",
    "    sorted_eigenvectors = eigenvectors[:, sorted_indices]\n",
    "    print(\"Sorted Eigenvalues:\")\n",
    "    print(sorted_eigenvalues)\n",
    "    print(\"Sorted Eigenvectors:\")\n",
    "    print(sorted_eigenvectors)\n",
    "\n",
    "    # Step 5: Select top k eigenvectors\n",
    "    print(\"\\nStep 5: Selecting Top\", k, \"Eigenvectors\")\n",
    "    top_k_eigenvectors = sorted_eigenvectors[:, :k]\n",
    "    print(\"Top\", k, \"Eigenvectors:\")\n",
    "    print(top_k_eigenvectors)\n",
    "\n",
    "    # Step 6: Transform the data\n",
    "    print(\"\\nStep 6: Transforming the Data\")\n",
    "    transformed_data = np.dot(X_centered, top_k_eigenvectors)\n",
    "    print(\"Transformed Data:\")\n",
    "    print(transformed_data)\n",
    "\n",
    "    return transformed_data\n",
    "\n",
    "# Example usage:\n",
    "X = np.array([[6, 3, 7, 4, 6, 1],\n",
    "              [9, 2, 6, 7, 4, 2],\n",
    "              [3, 7, 7, 2, 5, 3],\n",
    "              [4, 1, 7, 5, 1, 4],\n",
    "              [4, 0, 9, 5, 8, 5],\n",
    "              [0, 9, 2, 6, 3, 6]])\n",
    "\n",
    "k = 6  # Number of principal components\n",
    "transformed_data = pca_step_by_step(X, k)\n"
   ]
  },
  {
   "cell_type": "code",
   "execution_count": 6,
   "id": "e6a0b66f",
   "metadata": {},
   "outputs": [
    {
     "name": "stdout",
     "output_type": "stream",
     "text": [
      "Transformed Data:\n",
      "[[ 2.41660696e+00  5.70159604e-01  2.40670441e+00  9.79781520e-02\n",
      "   9.45628948e-01  2.88657986e-15]\n",
      " [ 3.78659457e+00 -3.65904713e+00  1.41495514e+00 -1.37128734e+00\n",
      "  -5.01657029e-01 -2.10942375e-15]\n",
      " [-2.62779637e+00  2.45992591e+00  2.37163670e+00  1.70914350e+00\n",
      "  -5.98940507e-01 -7.49400542e-16]\n",
      " [ 1.13892092e+00 -2.01038895e+00 -2.88212158e+00  2.55657235e+00\n",
      "   1.13810596e-01  1.91513472e-15]\n",
      " [ 3.77618726e+00  3.55766211e+00 -2.42712420e+00 -1.53845663e+00\n",
      "  -1.41823319e-01 -4.44089210e-16]\n",
      " [-8.49051335e+00 -9.18311541e-01 -8.84050466e-01 -1.45395003e+00\n",
      "   1.82981311e-01  4.44089210e-16]]\n"
     ]
    }
   ],
   "source": [
    "import numpy as np\n",
    "\n",
    "def pca(X, k):\n",
    "    # Step 1: Center the data\n",
    "    X_mean = np.mean(X, axis=0)\n",
    "    X_centered = X - X_mean\n",
    "    \n",
    "    # Step 2: Calculate covariance matrix\n",
    "    cov_matrix = np.cov(X_centered.T)\n",
    "    \n",
    "    # Step 3: Calculate eigenvalues and eigenvectors\n",
    "    eigenvalues, eigenvectors = np.linalg.eig(cov_matrix)\n",
    "    \n",
    "    # Step 4: Sort eigenvalues and eigenvectors\n",
    "    sorted_indices = np.argsort(eigenvalues)[::-1]\n",
    "    sorted_eigenvalues = eigenvalues[sorted_indices]\n",
    "    sorted_eigenvectors = eigenvectors[:, sorted_indices]\n",
    "    \n",
    "    # Step 5: Select top k eigenvectors\n",
    "    top_k_eigenvectors = sorted_eigenvectors[:, :k]\n",
    "    \n",
    "    # Step 6: Transform the data\n",
    "    transformed_data = np.dot(X_centered, top_k_eigenvectors)\n",
    "    \n",
    "    return transformed_data\n",
    "\n",
    "# Example usage:\n",
    "X = np.array([[6, 3, 7, 4, 6, 1],\n",
    "              [9, 2, 6, 7, 4, 2],\n",
    "              [3, 7, 7, 2, 5, 3],\n",
    "              [4, 1, 7, 5, 1, 4],\n",
    "              [4, 0, 9, 5, 8, 5],\n",
    "              [0, 9, 2, 6, 3, 6]])\n",
    "\n",
    "k = 6  # Number of principal components\n",
    "transformed_data = pca(X, k)\n",
    "print(\"Transformed Data:\")\n",
    "print(transformed_data)\n"
   ]
  }
 ],
 "metadata": {
  "kernelspec": {
   "display_name": "Python 3 (ipykernel)",
   "language": "python",
   "name": "python3"
  },
  "language_info": {
   "codemirror_mode": {
    "name": "ipython",
    "version": 3
   },
   "file_extension": ".py",
   "mimetype": "text/x-python",
   "name": "python",
   "nbconvert_exporter": "python",
   "pygments_lexer": "ipython3",
   "version": "3.11.5"
  }
 },
 "nbformat": 4,
 "nbformat_minor": 5
}
